4148509456 1952010509 126270832
856886372 936932802 97162803
829640090 282271594 27246282
244444108 1274282332 107584318
1528329058 3192525971 211478915
2566760651 2178128911 792500107
478140779 1162859130 51849897
4274780288 1528329058 20187008
352028426 265852816 16418778
1739807973 2970629018 221896953
188336830 840381853 56107278
529990676 0 265852816
2424714410 1911677980 40332529
795843492 896489131 33796598
969062248 324530949 412804402
954049175 309517876 15013073
3359260758 3868594872 426372424
2465046939 3404004886 101713712
375094277 737335351 103046502
0 1214709027 59573305
2324866840 2078281341 99847570
1961704926 1548516066 247670884
2209375810 1796186950 115491030
59573305 1034095605 128763525
3785633182 3505718598 362876274
368447204 930285729 6647073