1796371314 958475699 90518367
4004397333 4049196179 245771117
2175877891 3813840430 96544159
1966430612 3997904997 51291182
3155151482 799623922 79310846
4250168450 2358444962 15280909
4265449359 3910384589 29517937
3087542169 2534702057 67609313
1202725381 3631683738 113825873
852357580 2833874802 40691288
1452732352 2128818900 25726830
291197164 3745509611 68330819
1316551254 2602311370 60535393
2017721794 2764291908 69582894
498502503 445768845 353855077
3367678481 1860885729 203469524
3845535174 1124639771 94398512
1041749195 2373725871 160976186
2330424521 2874566090 757117648
1478459182 127856713 317912132
3234462328 1680414394 31771008
359527983 1219038283 138974520
893048868 1712185402 148700327
3571148005 1406027225 274387169
3939933686 2064355253 64463647
3266233336 2662846763 101445145
1886889681 878934768 79540931
87297932 2154545730 203899232
39283510 1358012803 48014422
2272422050 3939902526 58002471
1377086647 1048994066 75645705
2087304688 39283510 88573203