645925588 927807414 87140162
0 398577479 157531253
1936153073 3766846194 135269565
3964800672 3492411188 1957783
3660032389 3460150664 32260524
1374126579 1182630672 364804866
2334938774 2586583717 132274954
3729993364 4148156458 139151684
2071422638 2398735028 187848689
461859499 894601505 33205909
1128085880 3902115759 246040699
3966758455 1609937892 328208841
733065750 1045187965 45230417
3692292913 2718858671 37700451
1738931445 2854070578 51145436
3869145048 2758414954 95655624
446537472 670580619 15322027
3468753739 2905216014 191278650
1790076881 1547435538 62502354
3103241907 3096494664 363656000
778296167 1014947576 30240389
2467213728 3653280748 113565446
2739690951 1959797890 363550956
430471457 878535490 16066015
934173831 836762826 41772664
272165118 90734051 80200203
2259271327 1128614382 54016290
1852579235 2323348846 75386182
808536556 272940204 125637275
1927965417 4287308142 7659154
1935624571 1128085880 528502
352365321 194834068 72750816
495065408 685902646 150860180
248265304 170934254 23899814
975946495 556108732 114471887
157531253 0 90734051
3466897907 2756559122 1855832
2580779174 3494368971 158911777
425116137 267584884 5355320
2313287617 1938146733 21651157