1071892650 2651787028 57679970
1129572620 3396952543 81593150
1240611714 2163493623 488293405
0 2068015044 95478579
1211165770 3074252590 29445944
2592854025 0 138938366
2523843782 1948369545 69010243
924090948 883610805 76353493
2022159128 174281796 501684654
1000444441 2923208140 71448209
95478579 959964298 268093632
684655532 1228057930 239435416
3410916028 2709466998 213741142
363572211 1627286224 321083321
3324937342 2017379788 50635256
3183141431 3068711832 5540758
2939436746 3478545693 243704685
3624657170 2994656349 74055483
1728905119 3103698534 293254009
3930463154 3978112708 316854588
2731792391 675966450 207644355
3375572598 138938366 35343430
4247317742 3967989739 10122969
4257440711 3930463154 37526585
3188682189 3722250378 136255153
3698712653 1467493346 159792878